   0  14  73  14  33   2   0   7   2   2   8  23   1  10   3   5  11   2   0   6  15   7   8   0  14   2   4   1   7   2  16   5   2   4   0   5  15   0   5
  12   0  34  19   3   1   1   3   3   2  63  12  18   1   0   7  58   1   0   2   2   4   4   2   6   0   0   7   6   1  17   2   0   1   3   8   3   3   3
 119  94   0  49  37  18   4  13  15  13  89  85  15  39  13  10 267   4   1   9  43  29  33  10 119   9   7  30   9   8 157  10   8  33  36  54  20   3  46
  10   8  13   0   0   0   0   1   0   1   8   2   0   0   1   2   1   0   0   1   1   8   1   0   4   0   0   5   0   1   9   1   0   0   0   3   0   0   3
  20  18  21   3   0   1   1   0   3   0   3   7  10   2   0   1   9   4   0   1   1   1   6   0   1   0   1   7   1   0  17   2   1   0   0   1   2   0   2
   3   0   5   2   0   0   0  10  19   4   5   1   1   3   2   1   6  10   0   1   5   9   3   0   2   0  78   1   1   0  11   1   2   3   3  14   3   0   0
   0   2   0   0   2   0   0   0   0   0   0   0   0   1   0   0   0   0   5   0   0   0   0   0   0   0   0   0   3   2   6   5   0   0   0   0   0   0   0
   2   0  10   0   0   8   2   0  31  26  12   3   1   2   9   0  13   2   3   5   1   4   9   1   7   2   4   3   3   0  29  36   4   4   4   9   2   4   3
   2   3   5   1   1  21   0  55   0  11  12   5   1  19   4   5  27   5   0   5  13  24  11   1   5   0   9   1   9   0  14  18  44   1   4  31   3   2   2
   1   0   3   1   5   2   0   9   3   0   1   0   1   0   0   2   4   2   0   0   1   0   3   0   0   0   0   4   0   0   4   7   0   1   0   7   0   0   0
   5  82  72  18   9   1   0   4   3   4   0  12  19   2   0   3 110  10   0   4   2   6  10   2  13   1   1   3   7   0  47   6   6   5   3  18   0   1   6
  14   4  37   1   6   1   0   2   1   0  13   0   2   0   1   0  27   1   0   3   8   3  11   0  23   2   0  96   0   8  52   0   0   8  12  14   0   1   4
   1   6   9   1  17   0   4   8   1   4  32   5   0   1   0   4  82  70   0   1   1   4  12  26   1   0   2   4   0   6  71   3   6   0  12   6   2   2   8
   2   3   4   2   0   5   0   0  10   1   3   0   0   0   0   2  10   2   0   1   0   1   2   1   1   0  11   0  10   7  26   8  57   2   0  12   2   0   7
   3   0   3   0   1   3   0  21   8   2   2   1   5   1   0   2   4   1   3  28   4   5  16   1   4   0   1   1   8   1  18   1   3   1   0   7   1   5   0
   0   1   3   0   0   2   1   0   0   4   3   0   0   2   1   0   5   1   0   9   3   3   1   0   0   0  17   2   3   3  10  14   1   0   0   4   1   4   0
   2  40 113   2  18   2   7   7  13   4  85  22  63   3   2   2   0  75   1  11   6  13  18   6  24   2   1  27   8   3  69   9   4  13  53  15   2  18  13
   0   0   3   0   1   1   0   4   6   3   7   1  34   2   0   0  47   0   0   2   0   2   7   7   1   1   1   1   3   6  27   2   1   2  29   9   2   9   8
   0   0   0   0   0   0   9   2   0   0   3   0   1   0   1   0   2   1   0   0   1   0   1   2   0   0   0   0   0   9  11   3   0   0   0   0   0   6   2
   2   1   7   0   1   2   6   8   3   0   4   2   2   6  51  15   1   1   2   0   2   0   4   2   1   0  19   3   7   3  66  41   4   0   4   2   1   0   3
  55   7  22  24   5   8   1   4  66  11   7   6   4  13   6   7  17   6   1   9   0  30  19   3  32  22  11  31   1   1  40   5   7  13   5  18  86   2   5
   5   2   8   4   0   0   0   6  27   1   5  12   0   0   1   4   8   2   1   3   7   0 108  15   5   2   6  11   4   2  35   0   3   3   2  17   5   0   6
  14  15  26   4   2   2   1  12  21  16  29  24   8   1   3   6  49  11   0   4  13 130   0  83   7   0   3  13   5   5 120   6   4   1  12  32   3   9  15
   1   1   0   1   0   1   1   1   1   1   0   0  14   1   2   2   4   7   0   0   6   9  33   0   1   0   1   1   1   0  24   0   1   0   0   2   0   1   1
  16   2  41  16   2   2   0   0   2   0   6   7   4   1   1   1   9   0   0   5  30   2   6   1   0   1   2   1   0   1  29   0   0   3  16   2   0   0   2
   0   1   1   0   0   0   0   0   0   0   1   1   0   1   0   0   3   2   0   0   0   0   0   0   0   0   0   0   0   0   1   0   0   0   1   0   0   0   0
   3   1   2   1   0  76   1   0  13   1   4   2   0  34   2   5   5   1   0  10   3   1   6   0   0   0   0   4   0   4  46  10   6   1   1   6   3   0   5
  10   3  34   1  15   5  11   1  22   8   7 171   2  22   2   8  22   1   5   5  24  14  20   1  14   5  12   0   2   3  72   5   1   6  10  16  29   2   7
   3   2   8   0   5   2   8   6   9   0   6   5   5  25   4   2  15   4   3   3  13   3   5   0   3   0   4   2   0  13  70  15  59   0   4   5   2   4 119
   0   0   0   0   0   0   5   0   0   0   3   0   0   0   0   0   4   0   1   0   1   1   0   0   1   0   0   0   2   0   2   2   0   0   0   1   0   0   3
  34  19  67  17  24  17  11  26  57  29  30  48  22  42  16  30  83  22   6  63  37  60  95  27  23   7  53  15  90  14   0  25  76   6  17  88   9   9  98
   6   2  14   0   0   1  35  30  46  15   8   5   2  15   3  39  18   4  13  21   9   6   9   3   1   1  23   3  29   3  50   0  19   0   6   3   7   1  13
   0   0   1   0   0   4   0   3  28   0   2   0   1  13   1   0   2   1   0   4   1   1   1   0   0   0   3   2   8   0  12   7   0   0   0   2   1   0   7
   3   0   7   0   0   0   0   1   0   1   1   3   0   1   0   0   2   1   2   1   5   1   1   0   2   0   0   0   0   0   3   3   0   0   2   0   2   0   0
   4   0  24   2   1   0   2   0   1   3   0   7   3   2   5   1  28  19   1   0   5   6  12   7  10   0   0   0   1   4  26   2   1   4   0   3   3   0   3
   4   0   5   1   0   3   0   2  14   2   3   6   1   8   0   2   3   1   1   1   7   6  15   0  10   0   1   5   2   1  21   0  10   1   4   0   1   1   5
   7   1   3   1   2   9   3   0   3   0   1   1   0  13   1   5   2   1   0   2  30   8   2   1   1   0   4  10   1   0  10   0   0   0   1   2   0   0   1
   0   0   1   0   0   0   0   1   2   0   1   0   0   0   3   1   2   9   2   1   0   1   0   1   0   0   1   1   1   3   2   5   0   1   0   0   0   0   0
   3   1  11   2   0   2   5   2  19   2   4   3   4   7   2   2  11   2   4   2   3   6  26   3   4   0   2   2 176  33  97   7  25   1   8  40   1   4   0
